212514
227082
235703
239210
265752
281555
282167
284201
286026
327749
368219
376929
408888
410160
451557
464333
521470
582472
752533
800221
817832
832006
1003602
1382481
1670136
1671086
1842172
2053479
2055400
2163612
2176894
2831602
4079862
4101625
5096512
5328225
5388632
5536939
5555066
5567426
5690738
5828474
5850685
6338175
6579714
6601719
6651171
6652044
6670345
6671880
7189658
7217190
7460799
7573450
7624043
8017453
8249719
8373707
8468527
8765983
8770628
8834604
8916672
9219884
9352277
9417685
9503076
9711253
9838565
9968257
10137929
10170415
10170922
10191650
10307539
10328549
10829359
12010554
12169424
12260369
13574668
13621287
13661061
13815124
14359079
14361454
14535646
14541539
14803864
14824133
14969372
15024258
15154338
15188415
15384412
15480760
15490638
15599927
15602662
15610283
15618630
15693503
15828959
15893479
15894038
16178879
16180350
16324500
16327247
16396280
16573255
16576326
16721691
16724441
16822952
16870929
17417036
17515997
17562155
17562729
17718665
17719801
17816326
17824521
17826956
17932344
18015758
18054557
18130077
18157837
18522984
19329544
19339702
19341926
19347370
19348960
19457081
19543634
20042786
20051337
20063924
20397872
20432085
20608538
20615438
20660146
20686746
20689083
20689718
20700249
20755191
20807884
20809669
20816320
20930204
20955249
21035085
21247513
21382527
21461292
21564982
22303034
22601847
22777277
23401421
23406021
23429900
23502052
23509099
23761338
23818447
23822740
24255597
24449090
24456144
24614516
24651248
24656023
24830216
24882538
24955191
24955872
25033066
25297349
25506033
25666662
26117269
26274963
26457547
27073651
27454549
27470294
27535100
27603966
27687450
28462976
28541726
28544628
28670189
29065535
29260845
30240563
30328889
30335658
30352296
30353866
30671522
30703278
30715861
31168270
31301568
31318182
31334307
31334827
31346062
31387376
31398936
31453913
31503934
31521598
31554174
31558146
31787422
31794600
31905259
31985947
32244665
32249460
32276547
32382978
32637918
34558664
34977776
35030678
35108083
35285085
35395072
35914961
35947229
35989138
37345164
37571172
37655452
37704357
37714248
37897582
37898866
37939289
38184702
39020756
39022940
39222137
39315986
39318679
39322711
39380669
40016408
40259664
40266016
40511176
40713724
41148370
41241044
42544115
42680389
42808956
43009303
43576576
43578785
44502435
44514176
44918890
44975309
45011288
45024589
45160951
45481018
45798913
45802427
46401171
47145300
47368034
47584442
47813709
48871095
49083179
49424617
49428853
49619510
50785428
50788477
50888486
51606694
52413216
52451792
52522675
52534214
52540697
52667894
53528416
53888543
54679778
54845196
56601482
56630179
56633539
56641873
56957925
57176809
57178287
57189279
57472924
57486989
57583526
57595918
58759564
59018370
59868068
60048364
62176563
62339013
62611055
62906490
63524493
63526635
64699310
68134242
68216198
68218245
68376374
68594007
69735279
69753591
69930816
70112988
70603015
71687469
71875721
71891902
72076152
72080698
72263341
72323115
72328687
72343865
72382258
72396660
72552289
72783520
72868374
73339495
73475084
73720362
74094779
74433664
74539830
74595245
74733672
75046090
75152296
75749482
75752922
75791726
76083856
76499878
76506990
77236726
77292632
77293467
77544599
77548017
77666847
78784486
78871439
78905868
79038449
79040941
79316163
79526192
79808884
80141135
80352684
80366622
80874322
81308848
81843999
81945425
82001754
82237945
82292618
82634248
83520850
83536397
83537177
84176138
84374431
84539422
84578220
84579815
84907855
85043067
85312796
85390622
85393288
85494049
85502443
85519203
85788295
85854607
85905164
86324314
86327189
86593789
86747099
86905070
86982158
87142377
87582252
87693522
87694735
87924364
87927982
87962051
88337692
88376958
88765174
88944272
89098617
90092406
90093872
90221611
90250198
90251720
90285298
90896001
90927256
90948792
91069074
91168405
91241922
91277210
91366037
91387593
91642884
91863673
91924887
91927842
92285409
92629098
92631975
92646989
92832715
93106849
93142495
93149991
93169660
93188246
93204144
93459813
93565821
93599010
93731543
93735918
94019667
94020168
94020708
94890380
95574977
95853737
96097981
96231470
96238109
96239466
96317126
96356742
96357356
96360565
96460942
96461477
96562979
96686380
97062676
97935518
97938074
97938734
98084526
98112926
98114197
98115870
98116390
98312647
98349783
98358680
98368487
98719303
98839521
98840286
98868800
98870230
98887551
99203427
99370657
99383017
99545863
99552658
99557899
99561283
99569076
99582677
99728525
99991722
100009353
100074603
100178718
100233709
100275887
100438418
100488553
101131887
101621185
101654542
101670881
101738371
101778202
101822144
102028119
102057638
102104245
102548402
102593956
102700372
103114459
103654956
103832489
103837052
103931747
103988322
104096590
104207633
104356258
104440186
104480315
104484531
104615256
104639598
104720918
104783052
105082246
105105856
105107777
105231610
105279652
105304902
105358871
105525203
105787206
105833452
105885002
105912014
105958118
105996634
106286875
106514141
106559064
106562190
106571181
106700113
106729626
106765009
106812095
106951130
106980842
106995212
107047943
107048911
107049871
107091358
107106953
107117641
107205433
107331597
107336301
107337439
107369465
107443657
107448024
107629785
107667777
107669294
107872283
107873992
107955986
108063676
108065040
108066875
108141575
108206613
108335814
108408205
108482391
108521140
108608905
108738341
108787436
108956194
108975747
108991549
109071231
109088510
109203384
109217247
109409138
109476842
109505806
109610326
109651899
109739895
109873067
109874084
109884467
109885862
109947218
110146413
110156070
110161168
110247066
110281596
110346963
110433638
110464297
110469613
110489048
110492246
110545777
110549206
110571305
110579123
110581695
110587396
110595947
110599084
110600587
110610657
110614232
110630876
110650887
110658996
110672766
110675977
110703572
110705750
110738317
51734
52712
54114
82936
85657
137069
139313
155922
158180
195265
236101
237152
248512
279026
303316
313705
354015
559537
563614
601482
605206
696413
737353
755399
767001
870150
1147696
1153610
1384486
1441785
1642387
1663067
1792496
1793743
1920168
1921689
1927242
1976389
2359959
2616280
2653139
2782457
2835776
2874781
2910791
2928491
2951436
3086571
3125046
3128434
3256952
3259644
3322592
3587790
3756706
3935161
3944571
3973529
3989911
4365469
4458939
4493668
4647589
4650805
4733529
4808598
5893442
5924327
5926286
5929376
6055341
6172747
6218801
7502086
7870692
7906768
7923071
8339207
8529216
8555018
8770593
8771711
8851814
9278268
9310196
9450003
9553756
10574296
10895677
11070824
11253967
12367268
12396153
12743344
12942958
12948346
13025858
13069595
13101976
13211806
13311348
13498043
13870067
13876302
14071109
14073552
14123653
14128356
14234642
14487222
14993987
15532444
15725733
16750481
17368741
17561484
17562348
18345758
18456141
18609404
18697238
18698333
18746839
19090980
19093645
19094559
19133771
19265681
19266865
19269248
19283705
19309194
19433081
19535660
20493855
20569563
20806815
20967245
21171499
21517827
21644005
22108203
22185211
22254562
22266739
22840288
23132436
23178111
23294035
23950140
24095700
24125932
24238422
24535068
24537914
24538437
24542926
24647920
24818510
25088089
25210031
25678107
25994101
26610968
26982417
27141593
27164613
27167179
27185587
27434533
27438595
27668610
27965539
28217504
28268183
28292735
28295219
28452980
29940365
30008275
30224302
30258081
30316755
30353196
32046312
32344044
32542771
32673688
32677556
32797124
32957229
33002738
33242058
33288070
33481502
33485799
33604851
33606248
33678945
33680829
34104572
35309399
35359334
35361241
35364127
35733199
35811741
35818755
36183027
36297437
36388130
36411672
36624113
36743509
36849596
36890206
37439576
37846176
37958026
38136062
38226803
38368073
38787862
38847705
39047029
39629243
39907899
39909794
40041549
40144104
40144717
40146069
40165427
40167104
42218302
42504400
42506634
42782353
43969403
44115237
44857688
44962123
44965752
45093863
45233043
45488145
45845567
46014027
46024894
46025934
46079421
46266927
46386860
46552524
46559972
49925294
53654817
53771425
54422046
54520026
54966065
54970234
54970972
54972944
55002574
55188041
55397655
58287739
58300302
60286338
60303448
60428589
60972778
61398400
61973362
62070160
62859729
63027505
63393784
63618641
63651692
63811308
63837950
64517288
64840255
64880401
64959078
64987077
65371021
65371963
65439399
65567469
65816281
65835915
66314894
66315996
66323974
66329506
66440785
66902454
67029990
67218630
67317583
67339535
67488749
67582984
68203829
68982497
69011344
69033339
69227984
69375503
69412637
69564890
69709032
69710099
69779598
69815799
70376425
70793945
71248171
71249015
71251369
71259411
71345165
71412710
71413259
71612884
71667311
71675712
72271498
72359537
72528030
72881757
72979511
73026155
73244464
73539020
73643853
73645257
73651094
74229555
74315090
74428200
74561082
74949354
74967814
75284195
75298447
75571593
75574970
75683630
75974626
76070587
76248735
76290831
77364147
78586211
78968010
79347100
79355935
79522740
79550558
79576582
79785420
79848160
79898409
79899806
79929923
79946719
79992663
80024220
80031052
80034791
80047341
80049205
80076842
80101882
80175903
80185775
80220376
80280268
80281467
80285296
80296724
80338462
80339364
80355573
80357392
80370283
80445930
80533007
80535116
80545456
80563138
80602294
80675398
80765064
80846619
80855946
80859270
80864278
80865504
80911257
81504164
81717397
81803653
81847125
81964501
82193108
82207325
82969222
82993623
83145809
83157487
83340753
83708922
84117333
84274179
84352413
84356928
84543020
84612069
84647087
84671025
84748542
84815868
84818754
85158121
85160957
85170554
85339452
85416556
85418530
85748508
85954359
85969953
86030610
86213401
86465567
86780444
86780947
86970569
87043713
87109586
87183141
87695326
87724797
87924337
87968898
87986211
88236317
88284664
88393145
88401641
88513486
88545084
88613156
88700634
88816072
89246384
90179849
90397842
90529705
90843894
91264423
91271447
91272786
91757103
92105172
92195939
92232753
92639614
93498114
93982419
94039103
94158981
94415869
94425373
94481786
94485827
94602410
94628057
94794262
94815105
94961910
94965901
95045975
95065451
95132291
95264138
95374937
95465701
95471298
95473222
95597298
95795375
95803054
96035112
96037696
96038539
96040042
96888789
96889666
96899300
97032739
97129201
97313953
97362321
97367539
97375102
97651940
98059033
98189439
98211896
98271382
98775947
98894422
99044433
99077924
99158184
99158958
99183406
99230125
99583357
99585950
99664466
99718690
99905434
100016794
100025967
100026864
100046091
100055544
100057037
100114820
100142767
100176420
100284428
100294068
100376194
100606428
100721764
100724833
100764425
100813503
100976545
101002668
101005017
101336243
101356549
101488731
101544221
101606331
101618106
101731359
101735730
101738895
101787490
101866188
101868158
101874163
102229975
102243901
102308630
102345954
102591522
102846089
103063010
103064283
103065679
103069497
103070286
103220017
103481075
103559711
103569825
103595513
103720275
103736391
103757532
103761190
103773422
103802525
103804532
103958645
104525133
104525706
104555388
104631289
104635446
104638571
105091283
105106826
105318759
105739819
105775504
105860770
106144516
106154992
106156547
106164769
106269020
106487697
106527809
106654320
106655473
106787255
106881187
106895321
106916153
107009078
107040252
107371788
107400774
107435469
107492140
107546306
107573546
107585327
107585953
107588695
107666375
107679989
107692236
107723230
107752536
107755922
107812904
107817275
107826155
107842763
53067
218544
361631
421724
498768
621968
735034
764976
768380
773970
778629
780283
791839
811349
812697
832687
840103
972896
1195555
1217709
1291436
1415074
1428974
1457359
1521354
1546018
1548088
1550956
1579254
1580675
1652996
1656189
1988976
1990766
2091682
2204326
2226825
2256125
2348366
2444473
2497594
2591718
2592833
2595874
2653462
2688735
2737917
2739190
2770845
2774264
2794443
2803405
2804029
2917518
3125663
3201803
3249163
3249990
3314386
3406190
3469090
3573362
3574259
3617604
3776313
3822307
3899543
3913264
3933136
4035101
4036536
4057353
4118816
4127324
4168374
4252572
4264457
4319889
4330286
4913659
5101468
5193870
5356350
5368623
5831336
6059055
6169875
6198089
6199473
6319439
6414460
6762627
6776635
6811612
6947318
7040545
7508874
8027438
8035046
8146855
8222311
8253532
8254671
8256718
8257269
8454775
8491853
8556645
8586326
8594718
8620893
8626742
8650530
8683122
8772854
8878744
8881844
8888362
8893513
8894206
8966234
9142288
9626134
9642876
9763900
9774436
10372844
10623388
10664285
10679409
11330592
11654411
11656761
11785613
11931259
12582563
12585589
12614170
12620763
12626834
12631882
12638746
12694530
12718608
12726311
12728319
12736633
12756166
12795845
12976516
13027541
13030224
13096363
13131632
13133376
13188783
13189348
13193650
13256346
13317693
13358425
14193769
14260023
14267978
14312862
14318203
14343709
14441935
14532244
14545092
14545650
14546302
14566309
14570731
14626291
14660321
14666608
14683587
14765137
14850786
14865437
14967143
14977980
14997668
15145540
15176233
15251932
15446841
15641943
16311944
16906377
16943229
16961632
17233836
17326523
17403903
17852752
17858610
18173647
18302109
18332865
18503580
18506408
18554477
18595256
18610507
18643090
18843638
18912186
18942340
18951691
18960587
19134044
19356884
20563378
20872075
20919035
20965088
21349845
21434152
21635884
21942511
23985222
23990245
23991014
24054190
24114575
24588441
24591290
25050290
25239409
25372076
25401478
25402403
25454310
25460775
25462572
26032498
26033321
26456615
28033761
28102344
28671396
28760909
28761522
28854613
28904584
28934731
28943924
28953286
29012495
29054666
29062012
29065111
29072769
29084059
29089136
29937877
30045126
30164511
30299724
30568341
30580962
30597348
30602771
30609318
30674833
30676092
30912034
31385458
31450151
33285503
33591984
33833914
33853243
33932957
34102466
35084330
35100057
40053070
40264661
41191631
44419879
45213801
45410904
45535317
45536119
45793980
46500310
46978375
47802801
48112844
48439255
48524137
48890898
49814332
49816109
49828876
50073789
50416159
51248989
52901210
55160827
55603080
56495608
56497581
57533492
57539329
57543239
57544094
57732487
57733335
59909479
60592702
60628185
61438571
62330688
62509984
63626803
63652315
64136644
64909013
65315666
67231293
67314857
67318398
67322928
67324899
67356748
67371092
67584498
67891162
67941197
67983062
67995958
69559257
70444031
71349960
71826768
72007796
72061433
72072087
72412612
72623322
73466476
73472000
73512387
73855211
73856658
73865911
74467145
74679782
74765913
75012338
75019157
75092185
75102568
75392542
75413321
75417208
75418714
75432986
75437744
75720855
77113032
77115083
77787527
77925754
77927712
78177956
78178878
79211087
79213433
79230424
79235894
79930383
80064600
80066375
80483074
81345372
81389082
81859033
81932428
82176534
82286558
82317882
82371467
83385543
84694681
84697062
84743797
84773824
84947891
85385016
86132872
86906938
86913115
86947294
87068122
87073456
87538182
87597626
87706747
87760103
87812849
87845786
88497692
88501409
88619986
88624343
88643124
88680366
88885598
90174697
91396498
91526160
92194328
92348398
92358547
92390015
92464621
92549508
92724222
94461543
95461027
95743266
95750893
95976134
95989120
96073866
96505349
96555677
96573570
97066190
97112339
97145800
97221448
97262444
97271794
97305043
97487499
97496716
97504066
97504998
97526944
97545447
97582969
97585695
97644878
97797500
97800326
97824211
97898508
97938894
97982853
98018482
98058928
98205782
98232401
98235188
98240346
98275620
98364331
98606327
98698739
98744269
99010534
99071177
99076642
99082676
99147398
99255545
99334056
99336503
99482815
99492374
99508380
99511560
99522209
99727234
99846240
99864777
99976761
99978008
100278461
100359354
100366539
100557970
100598321
100690273
100695287
100699492
100795018
100934348
101007410
101313723
101825344
101974855
102002369
102233140
102236198
102358494
102542268
102598864
102637298
102656887
102678573
102680046
102858382
102891513
102998708
103059246
103163139
103205624
103210182
103537845
103611727
103699207
103804779
104037045
104043407
104154545
104221354
104222283
104223874
104434709
104435876
104459323
104551450
104560694
104582675
104764832
104774189
105129055
105156690
105405455
105748070
106039203
106251591
106422096
106497308
106736153
106764062
106771841
106778292
106779966
106780719
106782946
106799497
106803144
106809565
106817586
106831867
44508
62420
64251
65656
69756
73102
132177
277262
287548
388855
394201
667760
1133900
1136140
1138702
1360355
1374969
1664541
1766655
1807326
1809632
1831961
1834267
1923357
2086100
2093314
2170171
2254422
2442200
2461271
2532023
2779128
3596368
3705054
3840434
3861688
4125339
4126178
4128066
4515024
4522266
4565027
4585763
4674531
4809684
4977646
5588853
5624174
6034252
6047768
6162553
6526785
6898160
6965272
7021765
7135369
7141350
7183923
7189325
7190403
7230827
7406470
7600962
7727189
7727831
7736984
7738599
7764244
7816025
8043084
8347168
8472208
8828629
9242811
9637306
10038642
10046288
10118576
10176852
10179495
10242162
10429609
10462394
10525154
10545335
10774201
10970374
11047890
11228714
11578421
11582713
11608550
11653568
11868184
11872235
13418329
13425721
13427403
13458208
13558941
14472832
14773487
14834458
14946645
14965073
15490195
15814989
16106711
16530991
16539457
17237051
17380812
17564874
17820946
18207946
18704537
19739157
19962325
20090485
20133519
20394339
20665766
20693907
20712604
20726164
20739906
20815314
20824423
20825025
20825894
20853675
20861681
20952872
21104127
21110901
21112986
21129379
21157127
21324146
21338905
21380094
21384036
21395728
21396601
21464669
21469579
21750374
21815809
23409182
23414761
23451960
23494721
23774052
23783852
24075209
24165728
24251404
24752555
25082891
25198774
25437735
25891428
25947329
26148314
26555585
26712105
26936584
26943351
26971766
27020534
27041193
27061318
27064911
27241636
27565243
27639300
28120521
28121834
28358292
28628296
28714691
28719659
28723866
29252235
29254474
29387024
29461572
30362409
30388725
30821604
31124668
31127015
31339919
31488496
32646715
32737313
32745384
32791797
33010273
33598691
33674028
33751106
33822564
33901104
33927901
33930159
33934001
33936407
34220085
34233363
36167358
36347342
37068041
37680474
38059917
38411730
38533369
38555317
38885901
39018323
39489071
40089915
40095160
40470092
40483339
40490245
40568697
40577040
41564871
41701194
42798579
43858917
43951101
44248978
44738776
44813686
44818827
44977790
45145772
45148455
45860739
46647425
46807918
46817463
47963890
47968290
47971403
48182308
48184147
50227852
50379610
50384438
52946447
53613347
53617261
54606733
56204579
56643611
57223663
57379930
57437798
58130823
58688551
58691856
59201213
59208389
59231988
60270190
60270691
60662854
61252318
61292048
61757857
61810167
62060967
62186123
62328531
62480497
62510673
62676544
62678955
63052633
63063018
63114208
63713618
64482267
64497840
65415871
66598366
66771726
67261980
68159803
68534080
68691186
68696834
69819335
69826829
69835949
70105584
70193816
70229048
70733319
70735697
70750471
70874447
71004448
71284080
72104687
72112868
72127998
72133158
72146971
72259848
72413781
72427208
72536897
72539377
72551071
72720777
72993990
73125764
73278058
73494281
73524423
74251462
74586521
74732557
74817981
75547565
75561202
75564717
75808239
75869881
75970005
76174617
76404588
76498659
76595481
76611097
76855381
76859248
76864367
77016523
77026076
77261658
77384128
77384721
77411414
77420756
77570214
77765784
79492890
79899002
79899533
79933570
80208864
80452595
80499116
80597846
81080232
81137768
81298760
81322843
81323416
81416498
81437738
81720470
81753656
81806175
81814588
82286919
82292400
82298554
82400899
82599704
82600551
82623423
82625535
82627060
82633719
82636314
82643555
82645190
82850575
82862099
84119117
85123805
85128601
85274132
85318548
85323956
85328043
85330238
85391670
85434861
85442679
85542995
85560806
85565301
85599585
85654424
85658485
85717554
85721555
85752071
85928470
86486777
87586073
87690579
87938257
88055499
88061626
88302943
88382315
88484813
88487785
88542847
88568080
88578990
88636198
88735131
88736541
88981837
88989451
89235542
89506152
89508727
89589078
90112916
90147401
90152310
90154762
90156523
90196500
90201446
90244535
90286114
90321475
90341250
90343596
90344366
90358831
90663625
90853377
90859986
90887973
90930782
90990024
91269709
91291638
91299803
91303244
91398760
91422663
91648661
91737193
91981053
92016578
92079887
92298944
92380312
92452217
92534586
92576220
92639689
92764056
92780964
92875022
92985771
92986347
93053539
93132137
93132858
93144707
93404716
93596031
93596759
93604905
93863035
94015123
94106745
94122543
94157168
94160987
95020172
95205732
95209685
95321206
95525133
95538786
95586649
95628367
95714541
95779286
95782279
95854295
95857215
95909663
96510505
97129523
97143917
97462564
97872154
97970527
98060043
98087838
98172939
98176180
98267733
98271837
98286546
98288753
98327409
98595111
98818656
99260424
99327524
99336027
99471262
99530129
99534580
99559737
99686448
99832596
99851103
99883039
99897755
99941425
99948954
99962085
100062118
100121932
100163989
100196972
100266482
100291483
100335306
100354213
100354977
100372421
100387746
100393368
100501768
100554140
100575650
100625085
100633973
100636642
100651484
100653685
100659654
100672422
100692574
1691648
1695869
2221176
3429465
4509338
5462233
6914574
6919634
6933619
7413449
7578138
7688002
7926710
8079035
9357844
10281168
10421383
10520685
12031621
12203534
12766683
14484424
14485207
14486594
14498125
14619489
15635328
15691767
15759850
15761778
16939054
16940736
17515738
18313620
20179201
20612709
21045473
21097642
22439893
24903106
25591244
28663473
30165044
30683297
30868122
30875476
32309494
32678254
34066092
34311129
36161708
36219269
36224588
36227364
36317234
36318394
36354238
36625657
36677882
36774189
36824726
36893627
36940625
37049290
37197453
37295619
37339425
38083112
38262243
38610358
38784639
38788127
38788842
38789820
38791507
38793069
38795604
38797416
38933673
39108744
39159183
39160308
39164961
40141163
40196044
40808062
40847168
42257205
42257725
42258746
42348930
42379880
42381289
42455596
42456773
42655029
42660587
42684583
42962885
43059418
43068445
43105089
43153519
43221958
43261273
43278476
43357742
43371243
43372154
43949446
44020983
44124091
44159069
44164288
44266259
44310538
44660895
44744538
44897732
44946429
44975915
45010527
45056356
45198661
45312557
45313644
45542356
45665585
45720462
45805142
45848324
45851109
45876458
46282733
46443087
46449565
46489240
47833158
47872457
47927764
48849076
49273859
49521788
49523073
49594902
49871749
50614011
50879291
51058821
51081663
51262208
51340485
51342463
51714882
51807265
51809863
52088911
52090716
52107319
52124662
52304774
52622820
52647188
52878685
52883906
53417964
53419126
53460243
53538431
53541110
54368677
54434477
54810134
54992541
55007317
55069692
55079678
55083996
55108887
55110983
56285568
56752886
57602348
57655528
57656428
59662299
59664522
59709643
60183311
60183998
60237646
60827201
60847419
60980577
61005404
61078620
61080409
61235691
61245076
61499924
61589500
61721656
61804313
61836141
61906902
61978085
62096023
62164252
62165568
62200013
62288945
62541844
62939025
62951228
63041777
63203639
63328475
63330017
63859490
64023782
64461712
64531764
64537666
64597381
64639442
64640029
64809029
65010614
65724648
65824281
65972100
66054252
66204791
66351545
66501175
66503951
66517414
66588184
66619772
66853513
66883717
66900265
66953485
66958630
67000984
67125069
67126535
67141354
67195379
67195945
67276965
67471468
68384653
68390299
68390907
68403274
68722682
68947400
69014142
69164964
69169713
69225687
69541522
69577535
69598904
69599513
69600037
69603540
69723235
69729052
69731757
69885708
69901173
69902779
70082728
70470331
70487789
70619102
70646882
71105932
71419764
71546569
71547615
71621511
71737761
71761947
71767306
71810841
71833720
71840586
71860617
71869875
71871748
72001206
72039005
72049903
72083968
72131362
72158128
72172724
72301551
72405919
72479407
72562772
73226771
73279569
73299361
73327964
73358752
73380039
73382247
73410101
73419769
73420635
73421523
73496560
73522447
73593485
73615778
73805107
74040633
74190025
74203232
74293378
74298233
74373834
74445533
74527925
74750987
74818442
74897262
75055113
75185597
75281838
75388092
75458806
75480427
75488017
75553909
75557307
75702740
75794150
75805381
75877080
75929794
75935860
75966794
76093193
76348950
76452937
76820139
77030138
77052925
77086962
77157200
77208052
77942887
77954308
77958973
78030029
78110020
78171271
78223856
78249856
78396331
78478939
78747245
78750252
78802984
78810593
79092906
79288403
79339822
79344491
79497789
79556883
79606080
79609603
79625512
79734072
79943708
80052642
80220822
80540084
80541695
80612166
80701207
80730809
80861673
80931045
81123239
81313431
81319444
81348031
81370575
81402227
81566840
81589464
81724074
81861805
81870510
81913028
81922485
81928101
81931068
81931873
81940428
81940942
81980813
66157
89679
93394
106591
507588
517061
738133
758325
950861
1019735
1059850
1143569
1238055
1377687
1471803
1853860
2007506
2032919
2040177
2040743
2042742
2076106
2077647
2146479
2160087
2267395
2269853
2290055
2490160
2511800
2558961
2762352
2809353
3039207
3092180
3144964
3151663
3209410
3265099
3364487
3379215
3412742
3413801
3415278
3419708
3520874
3559298
3590822
3666152
3767415
3791292
3978169
4067717
4090713
4113202
4340215
4397030
4422570
4430200
4439603
4459276
4522899
4604811
4805896
4819618
4896339
5023440
5706915
6038550
6093679
6150252
6598026
6745407
6802434
6828695
6831831
6866695
6902872
6966160
7012097
7014707
7231663
7243227
7364154
7514341
7602714
7858732
7859461
7986220
8013215
8068764
8208729
8480051
8481598
9032848
9251376
9443749
9995381
11112843
11209068
11412379
11475700
11833477
12000778
12050381
13257265
14268081
14588739
15582868
16176979
16388878
16643983
16735898
17436474
17531677
17532388
17533438
17617015
17749130
17845657
17899072
18140679
18279258
18311570
19265111
19550246
19592301
19842100
20196120
20813357
20815263
21447083
21685581
22724774
22851545
22855279
22868454
22921674
23575787
23778044
24280025
24280529
25087893
26227705
26449111
26600294
26758077
26817227
27565724
27569829
27662843
30518637
31244288
32503797
35519123
36550564
37806732
41168231
41414727
41800826
44338762
44408567
45223232
45224179
45476733
45599403
46129901
46379287
46381387
46408639
46582665
46583405
48148093
57221984
59117742
59756825
61070930
61907851
61912581
61926374
62292007
62754421
63055789
63260389
63299104
63306605
63307109
63323883
63417255
63468068
63942126
63944220
64058332
64189427
64263491
64295500
64536170
64767602
65310322
66189975
66472712
66475182
66485560
66830895
67018257
67505187
67690555
67802801
68519746
68697666
68701823
68773140
69116801
69791419
70145425
70146476
70159261
70377101
70455644
70619652
70631463
70631982
70763414
71231179
71241138
71316049
71804599
72114035
72179574
72233358
72549767
72598963
72908566
73013833
73113762
73137311
73214532
73440082
73443757
73737775
73998432
74095127
74423738
74446653
74579735
74678018
74697962
74717157
74858322
74892490
75019581
75575796
76070985
76169617
76387457
76404761
76412646
76414215
76845097
76930640
77060305
77176544
77206477
77522147
77978086
78097741
78121380
78260287
78827960
78841053
79207131
79218905
79465599
79526519
79722486
79737630
79782405
79807399
80003505
80216995
80471955
80584281
80588770
80609031
80613091
80614292
80630148
80708382
80709642
80757189
80815823
80964135
81095579
81116326
81125810
81128428
81129323
81149696
81186746
81203054
81210684
81260801
81355024
81376327
81395864
81450103
81465209
81496611
81507301
81508864
81594162
81615640
81621029
81638425
81639585
81669055
81686190
81699516
81707874
81747031
81757126
81767108
81776776
81795408
81816372
81822034
81822653
81837646
81838736
26715
39025
40034
53172
221221
246323
247247
256419
321383
356325
356953
358126
358915
362276
373843
474492
511111
637928
651369
772542
774820
800806
802282
941891
1045307
1228687
1403768
1498870
1535323
1621909
1646188
1671158
1681085
1786485
1876330
1929700
1931110
1939730
1987637
2013604
2021630
2027197
2193964
2265810
2266911
2299577
2365548
2411585
2416222
2487790
2519478
2535971
2539314
2561553
2568120
2613762
2614901
2883836
2889634
2906309
3246369
3285991
3411461
3453783
3548251
3604419
3616456
4138016
4161621
4170462
4227179
4235724
4291960
4600332
4669741
4915396
4946052
4975978
5104746
5105467
5186742
5282996
5331929
5369629
5395395
5396008
5399608
5445462
5452469
5479520
5524358
5561435
5655942
5745001
5813426
6121608
6130538
6135198
6208693
6214176
6363537
6442562
6608421
6623800
6676564
6696887
6697924
6833569
6834321
6877932
6916335
7040582
7041230
7051262
7058050
7080065
7124693
7130839
7324705
7622647
7732327
7734060
7767197
8154054
8192257
8201416
8304679
8373527
8392225
8414552
8481859
8654854
8657241
8692838
8716339
8769223
8770902
8806993
8950487
9047880
9068352
9073677
9081064
9138315
9138951
9308810
9346971
9379390
9427917
9503146
9529576
9579241
9588588
9606008
9641969
9643208
9662470
9664446
9698090
9737885
9738390
9783993
9848864
9856878
9883282
9896581
9973340
9987942
10016511
10020523
10065611
10218389
10343240
10345772
10712510
10732062
10743768
10744270
10751975
10818626
10821276
10871404
10925554
11041273
11284218
11365593
11379954
11502122
11517868
11522068
11522699
11570477
11654024
11657879
11667151
11720660
11734062
11756050
11766845
11818390
11845592
11957782
12034771
12035707
12170314
12221962
12238952
12245554
12461814
12464005
12468415
12510885
12533119
12631054
12659031
12841030
12884367
12947173
12948990
12976756
13125828
13126685
13143453
13153510
13196947
13209608
13231742
13234024
13234958
13245413
13258287
13268698
13288146
13387163
13469057
13596875
13603983
13605415
13617878
13630202
13631196
13633541
13654491
13752145
13796796
13800125
13871825
13872411
13936904
14010445
14156555
14606302
14642554
14712446
14725021
14749081
14865196
14983697
15294459
15307688
15309773
15454181
15539678
15591454
15592198
15619401
15729607
15893538
15927865
15993886
15994617
15997399
16013071
16016337
16030996
16060263
16120426
16128101
16395298
16398220
16409767
16449104
16455010
16456317
16457478
16478806
16481908
16497026
16551081
16585033
16585880
16594964
16606095
16665342
16670542
16727684
16762388
16788702
16789227
16856141
16870311
16917143
17012402
17028622
17124357
17133701
17371068
17405134
17495789
17524222
17720118
17720630
18094067
18216543
18405316
18501657
18505891
18523481
18524651
18777306
18828187
18900705
18995124
19120738
19256150
19284696
19379525
19466607
19667655
19682650
19689637
19693265
19708254
19855776
20471082
20492422
20608400
20637831
20873254
21078957
21079746
21305716
21399688
21408287
21520228
21546260
21651747
21699215
21767679
21773171
21777357
21781395
21788713
21811753
21848020
21900129
22053533
22183588
22210024
22259651
22398736
22694340
22823331
22892246
22935894
24170420
24404425
24407508
24409823
24450477
24608295
24620209
25576062
25779919
25781803
26039200
26098146
26107128
26209098
26248188
26310996
26348557
26352104
26383929
26452316
26860989
26973675
27146507
27234125
27479432
27605605
27662982
27666257
27667916
27672252
27894270
27993406
28362235
28370303
28453535
28464378
28474105
28527903
28584533
28730094
28734921
28754085
28794657
28852079
29080618
29561244
29565760
29661605
30479423
30861540
30891273
30920469
30973548
31053227
31098329
31158675
31161167
31463173
31620252
31663904
31680419
31802640
31842055
31973867
32012312
32246760
32677620
33750518
33769829
34017188
34115806
34204238
34992412
35162905
35244782
35251208
35314124
35317054
36156434
36637958
36655214
36821291
36980035
37125124
37129664
37205698
37301586
37566023
37592105
38003819
38155735
38334430
38336291
38649867
38653031
38693982
39107892
39148046
39847332
39849348
40030588
40095924
40433026
40542792
40544923
41845395
42134843
42155837
42180543
42564067
42847185
42848319
42849495
46005007
46006032
46016764
46261943
46271540
46329869
46464152
46465209
46474167
46764912
47224406
47271035
47280600
47300863
47383380
47386708
47406839
47603106
48185679
48988243
50843913
51768676
52030320
52478907
52482332
52828788
52840714
54852709
54858582
55111549
55230766
55792334
56369262
56578059
56812752
57584271
58483784
58799635
58847619
58854002
58908918
59225377
60006835
60010156
60741654
60889256
61922752
62043232
62147159
62716637
63109516
63115604
64387303
65132214
66451116
66584340
66590889
66857876
67011450
67953969
68659709
68755355
68756675
69216213
69324821
69495452
70164802
70274334
71013106
71465150
71503135
71663769
71779302
71977614
72023394
72121410
72175728
72183235
72191494
72513137
72733252
72907380
73075303
73239947
73282961
73414175
73506330
73740837
73811439
73812173
73948890
74301562
74338340
74503925
102757
141407
147429
257100
291406
327784
359181
361561
362663
363560
371858
382599
387368
466914
471498
485964
585001
628174
1030101
1031212
1060573
1099195
1120534
1414555
1467204
1483804
1509333
1646083
1673817
1674907
1688454
1713709
1720513
1721431
1729699
1734209
1752356
1834154
1934839
2006564
2050454
2112735
2119506
2137343
2138298
2153195
2164617
2179633
2217131
2278985
2917078
3039444
3144569
3204098
3209518
3210273
3216646
3228365
3451510
3508643
3539629
3705701
3731453
3800329
3810823
3851297
3867538
3952501
3987701
3988517
4061044
4208223
4294707
4298592
4299320
4313136
4444208
4569960
4642934
4732634
4782128
4795625
4859830
5073249
5139284
5140172
5161670
5164205
5360600
5401732
5402940
5404670
5425528
5513594
5518509
5569256
5585672
5712355
5859587
5908966
6155662
6166253
6493847
6499277
6537218
6540607
6614196
6641626
6691020
6803210
6874632
6885494
6886871
6896209
6946779
6951145
6951649
6954982
6955613
7011542
7107668
7151312
7228030
7237598
7317015
7339910
7413852
7489003
7530406
7824866
7851756
7910172
7912180
7914669
8229349
8245167
8435765
9039443
9219056
9220449
9287103
9466304
9514333
9634930
9637260
9650163
9729161
9767849
9782276
9783866
9835794
9884747
9955057
9997629
10025639
10041218
10060461
10079508
10081804
10113946
10142651
10153866
10161107
10257995
10298066
10300207
10306312
10309153
10314661
10349418
10374542
10376126
10385973
10417691
10450835
10467830
10483104
10486668
10507697
10550874
10558224
10581375
10583888
10598419
10673777
10969637
11092677
11146620
11291869
11418171
11435613
11518708
11523341
11572546
11784142
11819985
11863539
11909518
11988488
12037748
12071435
12224732
12318309
12574844
12594831
12956934
12969400
12988743
13039160
13062124
13093392
13120104
13167513
13274654
13279114
13372580
13376634
13386638
13438006
13457124
13670381
13822807
13970914
14011692
14120362
14121826
14128921
14161601
14267313
14573926
14591371
14827570
14917635
15335744
15469045
15471298
15478465
15524793
15558986
15566530
15636956
15720288
15927154
15972985
15987973
15991723
15992909
15995396
15996822
15998321
16072712
16078577
16081422
16082604
16311973
16649029
16736363
16826576
17094595
17114506
17476686
17477203
17486341
17510583
17515493
17852061
18033163
18239728
18606031
18687834
18688369
18695164
18724934
18868756
18937397
18938639
19419310
19433136
19596998
19702120
19703857
19716681
19792496
19845889
20005412
20101036
20102510
20168441
20386504
20645045
20728664
20734189
20741040
20744728
20800486
20812989
21308549
21348779
21411704
21525899
21569502
21576596
21719505
21932469
21972679
22119476
22332465
22542006
22543036
22544097
22544716
22602990
22693654
23029543
23063555
23082605
23084032
23729277
23809531
23939460
23966978
23974153
24190271
24394300
24398393
24412570
24436818
24451085
24664642
24725474
24833308
24842395
24844787
24977629
25327866
25367378
25373573
25379390
25434461
26077138
26079547
26081519
26082226
26082936
26187556
26377673
26381916
26468654
26637530
27246760
27275546
27892468
27903853
28035473
28232370
28474651
29424422
29638835
29639768
29839483
29841520
30179351
30384738
30509786
30920685
30929206
30942367
30986113
31120176
31457562
31569838
31587740
31944393
32262514
32485372
32553960
32614134
33616230
33684966
33824561
34326640
34805491
35548823
35644119
36102466
36546629
36560322
36966323
37205127
37495728
38626874
38685562
38928364
39506194
39624918
39759854
40200462
40732887
41089858
41944960
42923184
44297767
45193101
47265453
47629503
47904080
47923139
48010096
48517766
50374671
52141573
53004503
53008053
53015150
53336712
54066678
54504138
54505424
55009454
56328236
56632589
56850087
58164544
58209012
58466031
58564960
58577458
58580865
58583447
59557891
59599129
59883028
11279
134594
208247
13201
32856
48747
38548
42206
13276
2168
2761
2351
120
871553
872195
397
18112
